0.00000000000000 0.00000000000000 0.00000000000000 0.00000000000000 0.00000000000000 0.00000000000000
0.00000000000000 0.00000000000000 0.00000000000000 0.20462834280868 -0.00000000000000 3.41047238014465
0.00097819192306 0.00000014599758 0.00029848687806 0.20455593852160 0.03233243100290 -0.00254657850087
0.00384362937106 0.00000225326208 0.00117213305676 0.20428964507764 0.06285405309401 -0.00674484956990
0.00847861054003 0.00001095574521 0.00258227307787 0.20368035829133 0.09127524806615 -0.01425322588484
0.01475024244062 0.00003311359711 0.00448183132700 0.20247993239358 0.11738062591366 -0.02673047089341
0.02251498784824 0.00007698545446 0.00681407557761 0.20033877999062 0.14103197332151 -0.04590712907463
0.03162328840411 0.00015137044825 0.00951079954294 0.19680067129904 0.16216784853610 -0.07360603959195
0.04192408177305 0.00026476300738 0.01249016696176 0.19129812593449 0.18080031913493 -0.11169923448642
0.05326905907488 0.00042455683649 0.01565448768102 0.18315281384364 0.19700932166874 -0.16197975719608
0.06551653560432 0.00063632810749 0.01888826794163 0.17158692471570 0.21093510426883 -0.22591872977415
0.07853483313918 0.00090322192281 0.02205697141217 0.15575340184730 0.22276919487547 -0.30427402435271
0.09220509590850 0.00122546048487 0.02500702385644 0.13479477792027 0.23274431773863 -0.39652618800694
0.10642348455106 0.00159998614097 0.02756765916295 0.10794081502293 0.24112365737379 -0.50015767680207
0.12110271314011 0.00202024756505 0.02955519089024 0.07465161955120 0.24818983957635 -0.60988865954032
0.13617291358302 0.00247613278834 0.03078014718503 0.03480136800450 0.25423396057573 -0.71715164648107
0.15158182942381 0.00295404859916 0.03105738204175 -0.01112513206404 0.25954494608621 -0.81028034495687
0.16729435728270 0.00343714199839 0.03021876093170 -0.06188199722694 0.26439946266995 -0.87592896969058
0.18329146886061 0.00390565592120 0.02812736656353 -0.11543913757076 0.26905253952960 -0.90185889119721
0.19956855961600 0.00433740831813 0.02469151637553 -0.16915176854076 0.27372899946347 -0.88037023537123
0.21613328188904 0.00470838092817 0.01987643236107 -0.22011785945712 0.27861575616794 -0.81085261594624
0.23300293040192 0.00499340167492 0.01371137226041 -0.26562525603912 0.28385502281583 -0.70007497337615
0.25020145670474 0.00516690257254 0.00629055192601 -0.30354166665880 0.28953849785338 -0.56010513874992
0.26775619626460 0.00520373334229 -0.00223277893927 -0.33253759751056 0.29570264032678 -0.40509079525904
0.28569439750987 0.00508000961206 -0.01165844442752 -0.35212100993165 0.30232519954797 -0.24841237990300
0.30403964624333 0.00477397360123 -0.02175577573653 -0.36253435251263 0.30932319872745 -0.10099316027118
0.32280828142642 0.00426684458069 -0.03228178306790 -0.36458480200072 0.31655257097899 0.02929613422501
0.34200589941201 0.00354363614355 -0.04299840466842 -0.35946074268490 0.32380960378570 0.13757809126067
0.36162404326577 0.00259391742570 -0.05368670347494 -0.34856140641760 0.33083427409664 0.22163591935962
0.38163717186495 0.00141249587652 -0.06415677914925 -0.33334976594717 0.33731546907767 0.28148554032206
0.40200000000000 -0.00000000000000 -0.07425311796932 -0.31523285127713 0.34289800582111 0.31889008843103
0.40200000000000 0.00000000000000 -0.07425311796932 -0.31523285127713 0.34289800582111 1.70648662504145
0.42264320933354 -0.00162747249644 -0.08258768707124 -0.22174271120732 0.34707645934764 1.41863942445178
0.44347820106595 -0.00341571161875 -0.08823768226949 -0.14390569910953 0.34974289541339 1.18487575918758
0.46442420552997 -0.00530851830342 -0.09166390002956 -0.07854781130173 0.35110063813695 1.00146887033731
0.48541225375829 -0.00725724451645 -0.09321575695366 -0.02288919872206 0.35133847273606 0.86007425889513
0.50638398831390 -0.00921988050303 -0.09316152267815 0.02532754789126 0.35062975502151 0.75204740594385
0.52729057393408 -0.01116022305147 -0.09170914252848 0.06787447379436 0.34913235370000 0.66997198032064
0.54809170018360 -0.01304711801536 -0.08902084117993 0.10612440007024 0.34698908227927 0.60795316102060
0.56875466873803 -0.01485377070695 -0.08522352889487 0.14113868680754 0.34432841142486 0.56146255172429
0.58925355832361 -0.01655711812494 -0.08041631816758 0.17374131438001 0.34126533214902 0.52707018110703
0.60956846072329 -0.01813725731230 -0.07467601358700 0.20457687757160 0.33790228863036 0.50218704259532
0.62968478162134 -0.01957692445316 -0.06806115448820 0.23415444279625 0.33433012964228 0.48485343860969
0.64959260040039 -0.02086101961380 -0.06061500615257 0.26288017919802 0.33062904679393 0.47357559966326
0.66928608332492 -0.02197617230971 -0.05236777382987 0.29108145197926 0.32686948029138 0.46720292257529
0.68876294484441 -0.02291034333970 -0.04333823217192 0.31902453507400 0.32311298123101 0.46483655703555
0.70802395202737 -0.02365245856877 -0.03353490686387 0.34692757233171 0.31941302507882 0.46576122897640
0.72707246739443 -0.02419207056363 -0.02295690655432 0.37496998213063 0.31581577493285 0.46939395127207
0.74591402565414 -0.02451904418909 -0.01159447602810 0.40329916971215 0.31236079602667 0.47524490399487
0.76455594005998 -0.02462326245885 0.00057067768213 0.43203516963231 0.30908172511945 0.48288708423386
0.78300693430040 -0.02449434910215 0.01356524823901 0.46127366847248 0.30600690021065 0.49193233721160
0.80127679600607 -0.02412140445656 0.02742435364936 0.49108773870849 0.30315995761657 0.50201214687312
0.81937604810949 -0.02349275142810 0.04219169886102 0.52152853563011 0.30056040500181 0.51276214850097
0.83731563442258 -0.02259568837263 0.05791985963991 0.55262516107608 0.29822418059507 0.52380977767465
0.85510661590619 -0.02141624584636 0.07467067191090 0.58438387359061 0.29616421063916 0.53476482085255
0.87275987419367 -0.01993894424964 0.09251571036343 0.61678681888451 0.29439097922500 0.54521289753681
0.89028581899709 -0.01814654944564 0.11153683727474 0.64979046206953 0.29291312712402 0.55471208162853
0.90769409607006 -0.01601982347485 0.13182679671699 0.68332391847322 0.29173809913916 0.56279294756956
0.92499329242560 -0.01353726750761 0.15348981985921 0.71728739640070 0.29087286290034 0.56896228621485
0.94219063551068 -0.01067485417942 0.17664219294475 0.75155097531936 0.29032472596120 0.57271055891090
0.95929168302089 -0.00740574643834 0.20141271943722 0.78595393822101 0.29010228247829 0.57352284112977
0.97630000000000 -0.00370000000000 0.22794298026521 0.82030484933567 0.29021652554098 0.18350157544501
0.99322071820997 0.00047263981795 0.25568754175866 0.82885560524545 0.29083387896281 0.10089795221857
1.01007351318763 0.00513241005422 0.28386274873470 0.83234362180314 0.29214230640733 0.01484291585369
1.02688355510382 0.01029673593723 0.31224932574534 0.83057924880568 0.29418434602277 -0.07408671661480
1.04367795603662 0.01598301148106 0.34061575120795 0.82340766357997 0.29699765320442 -0.16528930503820
1.06048571778974 0.02220857835507 0.36872555576829 0.81071375514962 0.30061458533232 -0.25802162637838
1.07733767534216 0.02899070423270 0.39634507126035 0.79243453685813 0.30506197393952 -0.35126698608093
1.09426643603595 0.03634656064056 0.42325104381532 0.76857950710416 0.31036109831259 -0.44360581060911
1.11130631461464 0.04429320032974 0.44923754135034 0.73925805241717 0.31652785635642 -0.53311567751993
1.12849326422955 0.05284753419264 0.47412167926926 0.70471106354840 0.32357311123566 -0.61733767597496
1.14586480353650 0.06202630774946 0.49774783898363 0.66534153305533 0.33150317842794 -0.69335074510837
1.16345994001013 0.07184607722921 0.51999023179695 0.62173658525277 0.34032040915507 -0.75798651670804
1.18131908960776 0.08232318527143 0.54075383392482 0.57467223876010 0.35002382333146 -0.80818661973398
1.19948399291893 0.09347373627540 0.55997386101351 0.52509353012897 0.36060974770674 -0.84145378428847
1.21799762794147 0.10531357142444 0.57761404721498 0.47406720175456 0.37207242149704 -0.85629478904643
1.23690411962848 0.11785824341394 0.59366404100885 0.42271126281703 0.38440454082760 -0.85252757192756
1.25624864635517 0.13112299091232 0.60813623322801 0.37211288025833 0.39759772310931 -0.83135147116684
1.27607734345759 0.14512271278498 0.62106230339448 0.32325002780581 0.41164288172132 -0.79515522162701
1.29643720399960 0.15987194211184 0.63248972144213 0.27693112885555 0.42653050920046 -0.74712594867140
1.31737597692696 0.17538482003007 0.64247838491416 0.23376119646592 0.44225087312651 -0.69077866017317
1.33894206277162 0.19167506943383 0.65109751568717 0.19413549090641 0.45879413298606 -0.62952702534931
1.36118440707141 0.20875596856378 0.65842289086140 0.15825558470535 0.47615038868554 -0.56637410537168
1.38415239167400 0.22664032451947 0.66453444245024 0.12615967353117 0.49430967238670 -0.50374648515937
1.40789572409600 0.24534044672837 0.66951423051482 0.09775894141182 0.51326189530973 -0.44345281501132
1.43246432511134 0.26486812040585 0.67344477364837 0.07287363732302 0.53299676042584 -0.38672787393592
1.45790821474463 0.28523458004060 0.67640770773396 0.05126495784345 0.55350365082305 -0.33432223085989
1.48427739684805 0.30645048294081 0.67848273696261 0.03266098359337 0.57477150219236 -0.28660661112460
1.51162174244197 0.32852588287649 0.67974683856600 0.01677642441206 0.59678866650061 -0.24367157266546
1.53999087200135 0.35147020385384 0.68027368318223 0.00332678567072 0.61954277259308 -0.20541283126376
1.56943403687171 0.37529221405791 0.68013323511590 -0.00796206679036 0.64302058826233 -0.17159919811404
1.60000000000000 0.40000000000000 0.67939150014054 -0.01734790874514 0.66720788726023 0.10816119522310
1.63171387765997 0.42558992446525 0.67853568908578 -0.01142652674967 0.69084550244632 0.09008004260179
1.66450741760552 0.45201323979778 0.67798713102473 -0.00644939434942 0.71265337904289 0.07646077062718
1.69828735257132 0.47920867512692 0.67771570546803 -0.00218498528919 0.73259034765765 0.06616496263229
1.73295863994467 0.50711358117215 0.67769765571491 0.00154069627513 0.75062220327274 0.05839144346686
1.76842480977480 0.53566415030874 0.67791430924839 0.00486091007767 0.76672171660761 0.05256928088184
1.80458831389067 0.56479563761191 0.67835112244239 0.00787974732559 0.78086863066292 0.04828771098758
1.84135087507300 0.59444258221264 0.67899696103205 0.01068024831611 0.79304964085192 0.04524948176924
1.87861383522930 0.62453902830075 0.67984355482027 0.01333020701974 0.80325835766140 0.04323933572912
1.91627850152523 0.65501874511336 0.68088508324572 0.01588640405051 0.81149525115495 0.04210246410772
1.95424648943260 0.68581544525149 0.68211786085210 0.01839776061374 0.81776757689651 0.04172965235695
1.99242006166265 0.71686300067260 0.68354010033099 0.02090774693006 0.82208928306693 0.04204700276447
2.03070246196372 0.74809565571388 0.68515173691288 0.02345627546813 0.82448089869449 0.04300885420632
2.06899824277448 0.77944823650808 0.68695430226337 0.02608124165814 0.82496940303652 0.04459298970879
2.10721358573792 0.81085635616339 0.68895083924216 0.02881983006642 0.82358807624360 0.04679753021934
2.14525661409727 0.84225661508808 0.69114585126114 0.03170967448169 0.82037633151653 0.04963911849614
2.18303769601245 0.87358679585241 0.69354528178156 0.03478994107642 0.81537952903443 0.05315213777157
2.22046973785542 0.90478605199222 0.69615652088972 0.03810239163211 0.80864877199233 0.05738880930102
2.25746846656386 0.93579509017239 0.69898843700626 0.04169247676203 0.80024068514136 0.06242008603498
2.29395270015603 0.96655634514277 0.70205143270220 0.04561050585785 0.79021717627474 0.06833731610601
2.32984460553445 0.99701414693520 0.70535752438014 0.04991294032915 0.77864518115015 0.07525469583691
2.36506994273304 1.02711487976702 0.70892044627694 0.05466385909667 0.76559639238351 0.08331257140603
2.39955829479082 1.05680713213470 0.71275577989370 0.05993664991312 0.75114697289230 0.09268168309516
2.43324328246603 1.08604183760050 0.71688111058719 0.06581598665231 0.73537725450688 0.10356847620707
2.46606276303645 1.11477240579532 0.72131621368840 0.07240016089159 0.71837142240789 0.11622162580768
2.49795901246645 1.14295484318288 0.72608327316843 0.07980384532494 0.70021718608477 0.13093993222457
2.52887889025653 1.17054786315263 0.73120713656482 0.08816137565926 0.68100543754555 0.14808172847291
2.55877398632969 1.19751298503316 0.73671561062638 0.09763064452611 0.66082989754025 0.16807587720044
2.58760074934804 1.22381462164256 0.74263980294021 0.10839770165501 0.63978675058862 0.19143428439904
2.61532059589476 1.24942015501878 0.74901451567423 0.12068214207808 0.61797426962648 0.21876555374797
2.64190000000000 1.27430000000000 0.75587869849711 0.13474332625713 0.59549243110115 -0.03300746597433
2.66733514578203 1.29844369270699 0.76281171876410 0.13237068587071 0.57387402800552 -0.04625766300306
2.69172067391849 1.32190572579143 0.76936086265806 0.12916971466896 0.55447149384723 -0.06064337031517
2.71516754788471 1.34475343111770 0.77551843299718 0.12506752280223 0.53712545571542 -0.07632801562141
2.73777808486956 1.36705041680778 0.78127364023316 0.11998052347015 0.52168884414510 -0.09350523520299
2.75964680184113 1.38885660316366 0.78661192342914 0.11381252975449 0.50802550583155 -0.11240190478750
2.78086119215208 1.41022823803416 0.79151420589822 0.10645266977407 0.49600898396062 -0.13328112999462
2.80150244424013 1.43121789088591 0.79595607474077 0.09777313032392 0.48552145942702 -0.15644491097007
2.82164611374828 1.45187442485327 0.79990687222266 0.08762676204531 0.47645284896550 -0.18223598913223
2.84136276026761 1.47224294604954 0.80332868586733 0.07584461746582 0.46870005931530 -0.21103807048725
2.86071855989474 1.49236472942260 0.80617522346591 0.06223355465574 0.46216640010487 -0.24327315437893
2.87977590489395 1.51227712043190 0.80839055920823 0.04657413453889 0.45676116235148 -0.27939402264765
2.89859400196241 1.53201341181028 0.80990773821540 0.02861918337541 0.45239937454138 -0.31986900240061
2.91722948091489 1.55160269465372 0.81064722953395 0.00809360107841 0.44900175447080 -0.36515486560610
2.93573702603224 1.57106968305487 0.81051522305972 -0.01530371106524 0.44649488273593 -0.41565220249118
2.95417004285532 1.59043451146156 0.80940177526433 -0.04189454151322 0.44481163338123 -0.47163601474539
2.97258137385392 1.60971250390020 0.80717882398008 -0.07201094426054 0.44389190923363 -0.53315319932258
2.99102407715702 1.62891391415535 0.80369811668806 -0.10597747233242 0.44368374438503 -0.59987926529567
3.00955228339800 1.64804363594135 0.79878913368614 -0.14408349374803 0.44414485462139 -0.67093122589099
3.02822214670535 1.66710088203915 0.79225714250504 -0.18654313749466 0.44524473864799 -0.74464528950901
3.04709290695588 1.68607883130198 0.78388159983192 -0.23344153611943 0.44696745861735 -0.81834991758343
3.06622808160416 1.70496424235689 0.77341523014309 -0.28466879591558 0.44931525676496 -0.88819724591855
3.08569680670790 1.72373703274556 0.76058426461871 -0.33984797430465 0.45231319338658 -0.94915045981413
3.10557534818541 1.74236982215677 0.74509052549908 -0.39826980726999 0.45601501485118 -0.99523888458843
3.12594880586690 1.76082743830563 0.72661628705588 -0.45885277945255 0.46051046974263 -1.02015207578221
3.14691303453723 1.77906638390969 0.70483311239944 -0.52014824043904 0.46593427184419 -1.01812580448459
3.16857680791325 1.79703426310003 0.67941609561757 -0.58040244861611 0.47247683895538 -0.98490418447248
3.19106425335405 1.81466916548709 0.65006501002128 -0.63767029080318 0.48039678863408 -0.91844116648336
3.21451758706772 1.83189900597461 0.61653357038997 -0.68995546029518 0.49003491695183 -0.81904595020521
3.23910018165315 1.84864081828262 0.57866707231912 -0.73534017283952 0.50182900776789 -0.68890197261133
3.26500000000000 1.86480000000000 0.53644677373291 -0.77207204965873 0.51632833918268 0.34344884127005
3.29237443561383 1.88026541984456 0.49238978944824 -0.74987609798303 0.53148882275439 0.39564246144319
3.32115918536680 1.89490994162023 0.44923563782110 -0.72470766835773 0.54481305801666 0.44221214216944
3.35121601009906 1.90862608052007 0.40738382033230 -0.69695763957869 0.55622447442301 0.48144898799382
3.38238868364126 1.92133317097994 0.36716791520264 -0.66710489922845 0.56560520082159 0.51215115276409
3.41450483601454 1.93297656338916 0.32885315842143 -0.63568237499822 0.57280889785615 0.53373165414228
3.44737821480412 1.94352633597870 0.29263833772074 -0.60323866724978 0.57767503523964 0.54625434101288
3.48081129310334 1.95297558188895 0.25866100302368 -0.57029993004108 0.58004336410048 0.55038985260747
3.51459814724915 1.96133833575653 0.22700483555203 -0.53733657320641 0.57976753068940 0.54730220499015
3.54852752368327 1.96864720741649 0.19770806924332 -0.50473823274911 0.57672702797441 0.53849169474990
3.58238601167518 1.97495079249344 0.17077204467066 -0.47279868434149 0.57083693712151 0.52562577894497
3.61596123733455 1.98031093075176 0.14616921905214 -0.44171054907074 0.56205513936862 0.51038565752003
3.64904499432055 1.98479988309183 0.12385019662227 -0.41156827223377 0.55038686490194 0.49434574696312
3.68143622792475 1.98849749701565 0.10374954664139 -0.38237719497969 0.53588658639340 0.47889099251845
3.71294379176225 1.99148842824169 0.08579032829483 -0.35406655960289 0.51865736598243 0.46516696326283
3.74338890015298 1.99385948292495 0.06988734428949 -0.32650479286799 0.49884783423518 0.45405171136397
3.77260720441091 1.99569714063437 0.05594920795202 -0.29951615036192 0.47664702699798 0.44613638706149
3.80045042768408 1.99708531285556 0.04387934515689 -0.27289856705929 0.45227733892257 0.44170262448906
3.82678750070228 1.99810338532287 0.03357607571692 -0.24644319401094 0.42598587680268 0.44068782032998
3.85150514979249 1.99882458494011 0.02493194078969 -0.21995649834876 0.39803451586577 0.44263422273707
3.87450789881359 1.99931470342500 0.01783247299838 -0.19328585915672 0.36868898024951 0.44662441523968
3.89571745824356 1.99963120010786 0.01215465099007 -0.16634918067125 0.33820728605938 0.45121470849749
3.91507148752167 1.99982269552990 0.00776534261191 -0.13916803100933 0.30682790145235 0.45438896597850
3.93252173090762 1.99992885562200 0.00452011742823 -0.11190211796616 0.27475799195936 0.45356664909490
3.94803154256705 1.99998065329950 0.00226288839822 -0.08488063929459 0.24216212892344 0.44570585701213
3.96157283333011 2.00000098028336 0.00082690252633 -0.05862365256665 0.20915184248634 0.42753778856292
3.97312248959553 2.00000556685289 0.00003760938174 -0.03384499918680 0.17577639657141 0.39594647720456
3.98265833416735 2.00000415104938 -0.00028214330158 -0.01142865825452 0.14201515194747 0.34846585148291
3.99015471941558 2.00000182158476 -0.00030433990468 0.00762640095735 0.10777186753175 0.28381575874851
3.99557786504475 2.00000044036322 -0.00018554384113 0.02229184321236 0.07287127564630 0.20236089042276
3.99888107593609 2.00000003109808 -0.00005469888012 0.03161774547345 0.03705826257095 0.10637190528663
