0.00000000000000 0.00000000000000 0.00000000000000 0.00000000000000 0.00000000000000 0.00000000000000
0.00000000000000 0.00000000000000 0.00000000000000 0.98232675522802 0.10000000000000 16.37211258713371
0.00636794109265 0.00003829795343 0.01117353787053 0.75756879044923 0.11221406782417 -3.73198965382938
0.01345793076114 0.00014772067753 0.01910671339016 0.54576727645535 0.12409093589385 -3.25899580372011
0.02124921859128 0.00032006146799 0.02471085826268 0.37097263786021 0.13562507446336 -2.55855031706644
0.02972105416886 0.00054711362049 0.02857447587328 0.23760300873673 0.14681314321306 -1.90810210791544
0.03885268707968 0.00082067043074 0.03109368284005 0.13902696555690 0.15765311760460 -1.40312262930281
0.04862336690955 0.00113252519442 0.03254417817320 0.06642477179871 0.16814380941853 -1.03762682172128
0.05901234324428 0.00147447120722 0.03312315226210 0.01238113457874 0.17828458929591 -0.77880180536179
0.06999886566966 0.00183830176485 0.03297481133877 -0.02853936394127 0.18807521918503 -0.59565575231120
0.08156218377150 0.00221581016299 0.03220652315476 -0.06014377046828 0.19751574767341 -0.46505944823693
0.09368154713559 0.00259878969733 0.03089936585975 -0.08507339364878 0.20660644289479 -0.37097803864234
0.10633620534775 0.00297903366357 0.02911521509115 -0.10517153337250 0.21534774876237 -0.30253119904982
0.11950540799377 0.00334833535740 0.02690162194135 -0.12174071747327 0.22374025619346 -0.25233952942249
0.13316840465946 0.00369848807452 0.02429524192150 -0.13571541140534 0.23178468428759 -0.21535529831228
0.14730444493062 0.00402128511061 0.02132429001229 -0.14777692164830 0.23948186832696 -0.18808357314406
0.16189277839305 0.00430851976136 0.01801032662901 -0.15843018763175 0.24683275260697 -0.16807242766489
0.17691265463256 0.00455198532248 0.01436957470612 -0.16805565216465 0.25383838680623 -0.15357926615661
0.19234332323494 0.00474347508965 0.01041390217203 -0.17694476642561 0.26049992504866 -0.14335067184806
0.20816403378600 0.00487478235857 0.00615156157283 -0.18532464094950 0.26681862709840 -0.13647546026196
0.22435403587154 0.00493770042493 0.00158775062096 -0.19337540784343 0.27279586132007 -0.13228530210088
0.24089257907736 0.00492402258441 -0.00327496132509 -0.20124262251360 0.27843310916855 -0.13028660225477
0.25775891298928 0.00482554213273 -0.00843630865345 -0.20904624356451 0.28373197106432 -0.13011317445684
0.27493228719308 0.00463405236555 -0.01389808345027 -0.21688722073323 0.28869417357846 -0.13149293024275
0.29239195127457 0.00434134657859 -0.01966395094699 -0.22485238896659 0.29332157790188 -0.13422413011745
0.31011715481956 0.00393921806753 -0.02573931386035 -0.23301814758532 0.29761618961377 -0.13815823434442
0.32808714741385 0.00341946012807 -0.03213121624439 -0.24145325668597 0.30158016979759 -0.14318735402859
0.34628117864323 0.00277386605589 -0.03884827983005 -0.25022098318810 0.30521584758220 -0.14923493320293
0.36467849809351 0.00199422914669 -0.04590066756837 -0.25938076012145 0.30852573421230 -0.15624870914826
0.38325835535050 0.00107234269616 -0.05330007039222 -0.26898947447461 0.31151253877849 -0.16419527612790
0.40200000000000 0.00000000000000 -0.06105971418643 -0.27910246441052 0.31417918576247 -0.17305576456770
0.40200000000000 0.00000000000000 -0.06105971418643 -0.27910246441052 0.31417918576247 0.75241226004641
0.42088415353808 -0.00122585239838 -0.06836637785631 -0.23459394689398 0.31658454793922 0.73128987535227
0.43989742510192 -0.00258765496469 -0.07442541764092 -0.19133109077270 0.31878010333803 0.71099215435436
0.45902789573897 -0.00406269491690 -0.07927474446326 -0.14924747446261 0.32075899465226 0.69206065687134
0.47826364649669 -0.00562825947299 -0.08294662459796 -0.10824824776913 0.32251580528467 0.67490334965791
0.49759275842251 -0.00726163585095 -0.08546786880037 -0.06821776643094 0.32404647880789 0.65980783718579
0.51700331256391 -0.00894011126876 -0.08686001777004 -0.02902636556104 0.32534825438431 0.64695639703289
0.53648338996832 -0.01064097294439 -0.08713951858814 0.00946376646905 0.32641961720069 0.63644063784602
0.55602107168319 -0.01234150809583 -0.08631788904869 0.04739354630870 0.32726026308455 0.62827441283017
0.57560443875599 -0.01401900394106 -0.08440186865700 0.08490265742222 0.32787107659118 0.62240428612422
0.59522157223416 -0.01565074769806 -0.08139355662540 0.12212576037686 0.32825412197144 0.61871734948759
0.61486055316514 -0.01721402658481 -0.07729053856556 0.15918909583595 0.32841264654547 0.61704654565273
0.63450946259640 -0.01868612781929 -0.07208600485407 0.19620734190660 0.32835109610870 0.61717390891756
0.65415638157538 -0.02004433861948 -0.06576886491192 0.23328061792735 0.32807514207907 0.61883231769352
0.67378939114954 -0.02126594620336 -0.05832386296112 0.27049156681080 0.32759172015181 0.62170649236205
0.69339657236632 -0.02232823778892 -0.04973170226155 0.30790249534056 0.32690908025350 0.62543407550575
0.71296600627319 -0.02320850059413 -0.03996918643916 0.34555260420577 0.32603684757214 0.62960769583673
0.73248577391757 -0.02388402183697 -0.02900938833170 0.38345539418003 0.32498609437492 0.63377892348168
0.75194395634694 -0.02433208873543 -0.01682185882221 0.42159638742174 0.32376942219650 0.63746494426236
0.77132863460874 -0.02452998850749 -0.00337289040373 0.45993134726782 0.32240105377546 0.64015858329011
0.79062788975042 -0.02445500837113 0.01137414731264 0.49838520833233 0.32089693381525 0.64134197144842
0.80982980281944 -0.02408443554432 0.02745838035180 0.53685193271041 0.31927483723096 0.64050367279243
0.82892245486323 -0.02339555724505 0.04492088904821 0.57519548018659 0.31755448299319 0.63715851301303
0.84789392692927 -0.02236566069130 0.06380402802049 0.61325201657036 0.31575765097445 0.63086874775634
0.86673230006499 -0.02097203310106 0.08415058117928 0.65083338653530 0.31390829832570 0.62126469985913
0.88542565531785 -0.01919196169229 0.10600272497381 0.68773175499753 0.31203267085054 0.60806270539234
0.90396207373529 -0.01700273368298 0.12940077433757 0.72372519078614 0.31015940360686 0.59107824662146
0.92232963636478 -0.01438163629112 0.15438168965501 0.75858384953804 0.30831960357645 0.57023256135835
0.94051642425376 -0.01130595673468 0.18097733050879 0.79207633099927 0.30654690576073 0.54555176114526
0.95851051844968 -0.00775298223165 0.20921245401360 0.82397575565980 0.30487749258804 0.51715843680817
0.97630000000000 -0.00370000000000 0.23910247315695 0.85406513370877 0.30335006521143 0.09448499388030
0.99388199730173 0.00087336761415 0.26987904860399 0.85668600321648 0.30241052857590 -0.00724136879222
1.01128982815016 0.00597815775216 0.30058422741115 0.85318742796118 0.30247641998944 -0.10940472323342
1.02856585769016 0.01162307242726 0.33094245487303 0.84356027955326 0.30354209126929 -0.21141978165473
1.04575245106659 0.01781681365267 0.36068850370983 0.82783514581406 0.30559722422181 -0.31251845878830
1.06289197342430 0.02456808344161 0.38957641643129 0.80609842399953 0.30862724301551 -0.41158288363281
1.08002678990815 0.03188558380732 0.41738693828303 0.77851747754948 0.31261391108325 -0.50701493054661
1.09719926566301 0.03977801676301 0.44393297141672 0.74537173799786 0.31753605938537 -0.59667456477796
1.11445176583374 0.04825408432192 0.46906284001186 0.70708449647088 0.32337038554509 -0.67792481026587
1.13182665556518 0.05732248849727 0.49266140865119 0.66424795902086 0.33009226431560 -0.74781517816813
1.14936630000222 0.06699193130229 0.51464930088104 0.61763288743816 0.33767651761205 -0.80340977602566
1.16711306428970 0.07727111475020 0.53498059818366 0.56817507178134 0.34609810451894 -0.84222030271334
1.18510931357248 0.08816874085422 0.55363945746597 0.51693487101023 0.35533270560720 -0.86265167979638
1.20339741299543 0.09969351162759 0.57063607854456 0.46503271057805 0.36535718928632 -0.86433697124848
1.22201972770340 0.11185412908352 0.58600240104111 0.41357060440334 0.37614995921667 -0.84825482720290
1.24101862284125 0.12465929523525 0.59978783323691 0.36355437445593 0.38769119024221 -0.81658942703549
1.26043646355386 0.13811771209600 0.61205523142522 0.31583102503103 0.39996296576439 -0.77237976338021
1.28031561498606 0.15223808167900 0.62287726965912 0.27105082010659 0.41294933229893 -0.71906780855650
1.30069844228273 0.16702910599746 0.63233327367886 0.22965642976591 0.42663628770200 -0.66006633065021
1.32162731058872 0.18249948706463 0.64050654196969 0.19189513686920 0.44101171883681 -0.59843239070167
1.34314458504890 0.19865792689372 0.64748214106490 0.15784651431232 0.45606530283848 -0.53667934775397
1.36529263080812 0.21551312749795 0.65334513936683 0.12745744342142 0.47178838407225 -0.47671551811199
1.38811381301125 0.23307379089056 0.65817923120295 0.10057787479474 0.48817383669701 -0.41987402948139
1.41165049680314 0.25134861908477 0.66206569781891 0.07699306258029 0.50521592065271 -0.36699432981413
1.43594504732865 0.27034631409381 0.66508265212241 0.05645018931303 0.52291013701280 -0.31852320592707
1.46103982973265 0.29007557793089 0.66730451729228 0.03867889882934 0.54125308703461 -0.27461421949523
1.48697720915999 0.31054511260926 0.66880169441245 0.02340620944223 0.56024233791528 -0.23521442442243
1.51379955075554 0.33176362014212 0.66964038006849 0.01036672009449 0.57987629720230 -0.20013430086184
1.54154921966415 0.35373980254272 0.66988250069427 -0.00069087249654 0.60015409698646 -0.16910103112213
1.57026858103068 0.37648236182427 0.66958573597777 -0.01000000474701 0.62107548838589 -0.14179727054115
1.60000000000000 0.40000000000000 0.66880360861562 -0.01777443844357 0.64264074637669 0.12747616661342
1.63076618318093 0.42429272268252 0.66798792055312 -0.01076269485931 0.66380953416142 0.10720526185469
1.66251120303817 0.44932574988197 0.66753037500936 -0.00481077121337 0.68354077510692 0.09190378713767
1.69515947350037 0.47505560520786 0.66739795387313 0.00034011766885 0.70183416291732 0.08033213087758
1.72863540849622 0.50143881226973 0.66756503538602 0.00488601619025 0.71868961008038 0.07161526456354
1.76286342195437 0.52843189467710 0.66801197114872 0.00897844216048 0.73410721889390 0.06512879636072
1.79776792780348 0.55599137603948 0.66872403514644 0.01273702335363 0.74808726204843 0.06042403530887
1.83327333997223 0.58407377996641 0.66969064556262 0.01625844009504 0.76063017051230 0.05717798143660
1.86930407238927 0.61263563006739 0.67090479087236 0.01962288826522 0.77173652722191 0.05515955420324
1.90578453898327 0.64163344995196 0.67236261247102 0.02289886122067 0.78140706560337 0.05420661480991
1.94263915368290 0.67102376322964 0.67406311043735 0.02614678676013 0.78964267232798 0.05421032257258
1.97979233041681 0.70076309350994 0.67600794917806 0.02942188767406 0.79644439398762 0.05510460405270
2.01716848311368 0.73080796440240 0.67820134708348 0.03277652655477 0.80181344760385 0.05685930352833
2.05469202570217 0.76111489951653 0.68065003988463 0.03626222622515 0.80575123508172 0.05947610054426
2.09228737211094 0.79164042246186 0.68336331178418 0.03993151344659 0.80825936190462 0.06298663085913
2.12987893626866 0.82234105684790 0.68635309209016 0.04383970762131 0.80933966055577 0.06745249688414
2.16739113210399 0.85317332628419 0.68963411835340 0.04804676331871 0.80899421935991 0.07296704493825
2.20474837354559 0.88409375438024 0.69322417017326 0.05261927302725 0.80722541767944 0.07965894798462
2.24187507452214 0.91505886474557 0.69714438113696 0.05763274342654 0.80403596869171 0.08769778499780
2.27869564896229 0.94602518098972 0.70141964004557 0.06317427468521 0.79942897133760 0.09730196884764
2.31513451079472 0.97694922672219 0.70607909692701 0.06934579877914 0.79340797349572 0.10874955898995
2.35111607394807 1.00778752555252 0.71115679467824 0.07626807145973 0.78597704903714 0.12239271808554
2.38656475235103 1.03849660109022 0.71669245393954 0.08408566600371 0.77714089220449 0.13867684649291
2.42140495993225 1.06903297694482 0.72273244755320 0.09297328867484 0.76690493380675 0.15816576434207
2.45556111062040 1.09935317672583 0.72933101247291 0.10314382953244 0.75527548512706 0.18157470246368
2.48895761834414 1.12941372404279 0.73655176235335 0.11485868020724 0.74225991734916 0.20981326921876
2.52151889703214 1.15917114250522 0.74446958479229 0.12844099017111 0.72786688692316 0.24404085232835
2.55316936061306 1.18858195572263 0.75317303550892 0.14429267976689 0.71210662091721 0.28573677144442
2.58383342301557 1.21760268730455 0.76276738078336 0.16291613643748 0.69499128148337 0.33678617739148
2.61343549816833 1.24618986086050 0.77337849385774 0.18494147713147 0.67653543577432 0.39957857794850
2.64190000000000 1.27430000000000 0.78515788747098 0.21115980732699 0.65675666799902 -0.05818103933258
2.66917626997456 1.30189646758170 0.79726233996351 0.20646927040352 0.63679150939450 -0.09909035340126
2.69531335969718 1.32896998346072 0.80865710423949 0.19915471728628 0.61774690947565 -0.14571119376610
2.72038524830834 1.35551810674129 0.81922427818397 0.18886246786323 0.59959903938748 -0.19840307633678
2.74446591494853 1.38153839652766 0.82883951028377 0.17521886444489 0.58232472330801 -0.25746549192258
2.76762933875823 1.40702841192407 0.83737256391717 0.15783533850855 0.56590190579167 -0.32308512716474
2.78994949887791 1.43198571203475 0.84468804183601 0.13631743055684 0.55031017352299 -0.39525558121778
2.81150037444807 1.45640785596396 0.85064629529455 0.11027963825919 0.53553132810354 -0.47366230547332
2.83235594460918 1.48029240281592 0.85510454984725 0.07936832755585 0.52155000432825 -0.55752875017605
2.85259018850172 1.50363691169489 0.85791828893303 0.04329495221993 0.50835432582212 -0.64542855465936
2.87227708526619 1.52643894170509 0.85894294632425 0.00188106599026 0.49593658680317 -0.73508592983177
2.89149061404305 1.54869605195078 0.85803596809405 -0.04488548024176 0.48429394499452 -0.82321325994729
2.91030475397279 1.57040580153618 0.85505931192452 -0.09678765705089 0.47342910622288 -0.90546652783499
2.92879348419589 1.59156574956555 0.84988245338139 -0.15331975278469 0.46335097595205 -0.97661938628394
2.94703078385284 1.61217345514312 0.84238596122855 -0.21364706366107 0.45407524696279 -1.03103772091829
2.96509063208411 1.63222647737313 0.83246568201730 -0.27660333705240 0.44562488585426 -1.06345247721470
2.98304700803020 1.65172237535983 0.82003753262390 -0.34074031491833 0.43803047455676 -1.06988655479837
3.00097389083157 1.67065870820745 0.80504283315799 -0.40443077773028 0.43133035756773 -1.04845834837061
3.01894525962871 1.68903303502024 0.78745401893133 -0.46600840776465 0.42557054258217 -0.99976274793871
3.03703509356211 1.70684291490243 0.76728045081022 -0.52391336123948 0.42080430346986 -0.92667365188968
3.05531737177224 1.72408590695826 0.74457390769996 -0.57681016656048 0.41709144230313 -0.83365269782071
3.07386607339959 1.74075957029198 0.71943321266303 -0.62365592009192 0.41449718334957 -0.72583718335469
3.09275517758463 1.75686146400783 0.69200734553293 -0.66371491440506 0.41309069776165 -0.60821116617049
3.11205866346786 1.77238914721004 0.66249636769956 -0.69653130875725 0.41294329257627 -0.48505558799900
3.13185051018975 1.78734017900286 0.63114956600520 -0.72187866095794 0.41412633857324 -0.35972355439942
3.15220469689079 1.80171211849053 0.59826043529954 -0.73970436067852 0.41670905276228 -0.23467965304478
3.17319520271145 1.81550252477728 0.56415845735938 -0.75008182145551 0.42075628483171 -0.11170202080642
3.19489600679222 1.82870895696737 0.52919805367440 -0.75317727257950 0.42632647436665 0.00784677619720
3.21738108827358 1.84132897416502 0.49374551187355 -0.74923308083348 0.43346994059489 0.12274897601742
3.24072442629601 1.85336013547449 0.45816501438262 -0.73856611735785 0.44222763688116 0.23170714597411
3.26500000000000 1.86480000000000 0.42280505032810 -0.72157737760843 0.45263045202474 1.10427151719632
3.29025212984141 1.87564905272717 0.38948940273995 -0.65759621325628 0.46338223708637 1.02600054934370
3.31640650153765 1.88591948216708 0.35949942967329 -0.59866894164572 0.47309048379676 0.93710180327983
3.34335914212151 1.89562640271216 0.33240323452415 -0.54521623188839 0.48165041878701 0.84452844106084
3.37100607862580 1.90478492875487 0.30783144915771 -0.49729514061156 0.48897579801357 0.75341333768671
3.39924333808332 1.91341017468764 0.28546835268405 -0.45470982693092 0.49499524491937 0.66708849433743
3.42796694752685 1.92151725490293 0.26504381428747 -0.41711115684155 0.49964935661204 0.58739560134503
3.45707293398919 1.92912128379317 0.24632623355118 -0.38407427006338 0.50288841663618 0.51508299109075
3.48645732450315 1.93623737575081 0.22911648025500 -0.35515291252883 0.50467058358548 0.45017020179417
3.51601614610150 1.94288064516829 0.21324275403483 -0.32991417841363 0.50496045193800 0.39223295363804
3.54564542581707 1.94906620643806 0.19855625203809 -0.30795873015425 0.50372790402079 0.34060349769250
3.57524119068263 1.95480917395256 0.18492752616530 -0.28893122452962 0.50094719005626 0.29449958758244
3.60469946773098 1.96012466210424 0.17224341724356 -0.27252470109997 0.49659618741300 0.25309962317529
3.63391628399493 1.96502778528553 0.16040446408876 -0.25848168103741 0.49065580118265 0.21557940526069
3.66278766650727 1.96953365788889 0.14932269681156 -0.24659392095482 0.48310947669011 0.18112170006157
3.69120964230079 1.97365739430676 0.13891973364897 -0.23670223035446 0.47394280107544 0.14890530444637
3.71907823840829 1.97741410893158 0.12912510764409 -0.22869749035379 0.46314317611270 0.11807597183308
3.74628948186257 1.98081891615579 0.11987475241649 -0.22252400240221 0.45069954830968 0.08769704409675
3.77273939969642 1.98388693037185 0.11110957344071 -0.21818658607494 0.43660218533895 0.05667194969976
3.79832401894264 1.98663326597218 0.10277401994721 -0.21576355508524 0.42084249019965 0.02362200642681
3.82293936663403 1.98907303734925 0.09481454776798 -0.21542910875988 0.40341284637163 -0.01331241201105
3.84648146980338 1.99122135889548 0.08717781560746 -0.21749137870130 0.38430648874092 -0.05680882289344
3.86884635548349 1.99309334500334 0.07980836746859 -0.22245764439559 0.36351739638223 -0.11095931795286
3.88993005070715 1.99470411006525 0.07264538358124 -0.23114888946707 0.34104020453746 -0.18237720087307
3.90962858250717 1.99606876847367 0.06561774765082 -0.24490833792998 0.31687013457014 -0.28235133417274
3.92783797791633 1.99720243462103 0.05863598846472 -0.26599808350693 0.29100294277536 -0.43125365521140
3.94445426396743 1.99812022289979 0.05157813928828 -0.29839082722754 0.26343489277226 -0.66797757522698
3.95937346769328 1.99883724770238 0.04426296122710 -0.34942171680566 0.23416276465995 -1.07061829816782
3.97249161612667 1.99936862342126 0.03639454800409 -0.43327570647419 0.20318393564528 -1.79854350524043
3.98370473630038 1.99972946444885 0.02743426807858 -0.57738564627864 0.17049663032394 -3.13313172881518
3.99290885524723 1.99993488517762 0.01625690809920 -0.82397367955131 0.13610066238720 -5.13785729156106
