0 0 0 0.017977
0.000180099962190789 -6.01526472809394e-08 -7.00000000009027e-06 0.017779
0.000720432829786389 -1.24006656733697e-06 -2.70000000002213e-05 0.017185
0.00161993318476994 -1.57381082138382e-06 -6.09999999996447e-05 0.016195
0.00287966644515477 -3.02731634921064e-06 -0.000107999999999997 0.01481
0.00449963261094261 -5.60058314898345e-06 -0.000168999999999642 0.013028
0.00647976572009768 -7.29469926481196e-06 -0.000244000000000355 0.010851
0.00882013173465403 -1.01085766544204e-05 -0.000332000000000221 0.008278
0.011519698217618 -1.30757403554625e-05 -0.000434000000000268 0.005308
0.0145804970619625 -1.71296843123494e-05 -0.000549000000000355 0.001943
0.0180004633936949 -2.03374586023393e-05 -0.000677999999999734 -0.001818
0.0217796631748512 -2.46979751839859e-05 -0.000821000000000183 -0.005974
0.0259200623363718 -2.9145816042142e-05 -0.000976999999999784 -0.010527
0.0304196949473144 -3.47463991911252e-05 -0.00114699999999957 -0.015476
0.0352795274826439 -4.04672876336074e-05 -0.00133000000000028 -0.02082
0.0404995599423568 -4.63084813714801e-05 -0.00152700000000028 -0.026561
0.046079792326453 -5.22699804047439e-05 -0.00173700000000032 -0.032697
0.052020257615954 -5.93512407098954e-05 -0.00196099999999966 -0.039229
0.0583199233738592 -6.6585787327485e-05 -0.00219900000000006 -0.046157
0.0649797890561494 -7.39406392395192e-05 -0.00244999999999962 -0.053481
0.0719998876438427 -8.24152524243871e-05 -0.00271400000000011 -0.061201
0.0793801861559211 -9.10101709045877e-05 -0.00299300000000002 -0.069317
0.0871196851364054 -9.97583756962802e-05 -0.00328499999999998 -0.077828
0.0952203834972523 -0.000108593904765429 -0.00358999999999998 -0.086736
0.103680315307523 -0.000118582176124458 -0.00390900000000016 -0.096039
0.112499447586199 -0.000128723733796755 -0.00424100000000038 -0.105738
0.121679716187899 -0.00022800314086344 -0.00502700000000011 -0.108089
0.131218944365437 -0.000350456302759836 -0.00594400000000039 -0.108745
0.141117570897489 -0.000479059486838057 -0.00689600000000024 -0.109425
0.151376529277997 -0.000611780800124279 -0.00788200000000039 -0.110131
0.161995819506962 -0.000748620242617615 -0.00890300000000011 -0.110861
0.1729754745654 -0.000890577270297398 -0.00995900000000027 -0.111615
0.184314462016317 -0.00103668540820217 -0.0110489999999999 -0.112395
0.196012814840729 -0.00118794411231127 -0.0121739999999999 -0.113199
0.208072531950594 -0.00134428742058799 -0.0133340000000004 -0.114028
0.220490581996956 -0.0015048148201077 -0.0145280000000003 -0.114882
0.233269963347755 -0.00166942736781747 -0.0157569999999998 -0.11576
0.246408710072051 -0.00183919048173062 -0.0170199999999996 -0.116664
0.259907821625818 -0.00201407118082939 -0.0183179999999998 -0.117592
0.273766265572064 -0.00219310299015403 -0.0196509999999996 -0.118544
0.287985074347785 -0.00237725238466418 -0.0210179999999998 -0.119522
0.302562723705409 -0.00264161048680086 -0.0222730000000002 -0.117692
0.317496821865459 -0.00306529922393482 -0.0232700000000001 -0.110232
0.332790483285113 -0.00350013526314161 -0.024292 -0.102592
0.348444641458313 -0.00394408671144745 -0.0253370000000004 -0.094772
0.364457330454119 -0.00439821898686572 -0.0264059999999997 -0.086772
0.380831548640468 -0.00486243314634351 -0.0274999999999999 -0.078593
0.397564297649423 -0.0053368281329346 -0.0286169999999997 -0.070234
0.41465760937396 -0.00582233744058065 -0.0297580000000002 -0.061695
0.432110418396064 -0.0063169951383437 -0.0309239999999997 -0.052976
0.44992379013375 -0.0068227671571608 -0.0321129999999998 -0.044077
0.468087588077722 -0.00736600214366612 -0.0327479999999998 -0.032886
0.486305105726512 -0.0079604932840872 -0.0323650000000004 -0.017925
0.504452529532752 -0.00855329527184784 -0.0319839999999996 -0.003021
0.522530825971403 -0.00914337566995348 -0.0316039999999997 0.011826
0.540538995586488 -0.00973076745942024 -0.0312250000000001 0.026615
0.558477071359024 -0.0103164700962274 -0.0308479999999998 0.041348
0.576346019763972 -0.0108994511433778 -0.0304729999999998 0.056022
0.594143874870392 -0.0114807760188866 -0.0300979999999997 0.07064
0.6118736020652 -0.0120593463237216 -0.0297260000000001 0.0852
0.630480199109302 -0.0124679040778343 -0.0278020000000003 0.096751
0.649078414758803 -0.0128347155479863 -0.0255539999999996 0.107506
0.667439330588226 -0.0131963505916636 -0.0233350000000003 0.118124
0.685561947141596 -0.0135528421898841 -0.0211439999999996 0.128605
0.703447296855903 -0.0139051568176083 -0.0189830000000004 0.138948
0.721094347294155 -0.0142523279998748 -0.0168499999999998 0.149153
0.738504130893346 -0.0145953222116458 -0.0147459999999997 0.159222
0.755676647653479 -0.0149341394529206 -0.01267 0.169152
0.772610865137555 -0.0152678132487376 -0.010624 0.178946
0.789307782801553 -0.0155963106180809 -0.00860600000000034 0.188602
0.805705510362298 -0.0158936586356501 -0.00658799999999982 0.197532
0.820755505032084 -0.0157362088359177 -0.00414600000000043 0.196551
0.835445431701557 -0.0155826365548035 -0.00176100000000012 0.195592
0.849775290370716 -0.0154329417923075 0.000564999999999927 0.194657
0.863745081039561 -0.0152871245484298 0.00283299999999986 0.193746
0.877355803164074 -0.0151451518421532 0.00504200000000044 0.192858
0.890605424851277 -0.0150060901795343 0.007193 0.191993
0.903496010975163 -0.0148718725104941 0.00928500000000021 0.191152
0.916025496661738 -0.0147405658851126 0.0113190000000003 0.190335
0.928195913803981 -0.0146131037973313 0.0132950000000003 0.189541
0.94000626294591 -0.0144895192281682 0.015212 0.18877
0.951456544087526 -0.0143698121776234 0.0170700000000004 0.188023
0.962546757228828 -0.0142539826456976 0.0188709999999999 0.187299
0.973276902369819 -0.01414203063239 0.0206119999999999 0.186599
0.983646979510496 -0.0140339561377007 0.0222959999999999 0.185923
0.993656955669843 -0.013928759705652 0.0239209999999996 0.18527
1.00330789626587 -0.0138284072671812 0.025487 0.18464
1.01259773642459 -0.0137309658723689 0.0269950000000003 0.184034
1.02152443844364 -0.0134534031531242 0.0277529999999997 0.170847
1.0300907426522 -0.0131697233927147 0.0284180000000003 0.15708
1.03829624325261 -0.0128979497797676 0.0290559999999997 0.14389
1.04614297213784 -0.0126390158082253 0.0296659999999997 0.131279
1.05362986388989 -0.0123909555471491 0.0302480000000003 0.119246
1.06075698447078 -0.0121557679084957 0.0308020000000004 0.107791
1.06752426791849 -0.0119314539803084 0.0313280000000002 0.096915
1.07393178019505 -0.0117200126745439 0.0318269999999998 0.086617
1.07997845588244 -0.0115194780602633 0.0322969999999998 0.076897
1.08566635985466 -0.0113317830873876 0.0327390000000003 0.067755
1.09099442669369 -0.0111549618249788 0.0331530000000004 0.059192
1.09596272236156 -0.010991013184992 0.0335390000000002 0.051207
1.10057121387727 -0.0108389377114496 0.0338969999999996 0.043801
1.10481986825979 -0.0106977359483733 0.0342279999999997 0.036972
1.10870775201518 -0.0105694397887377 0.0345300000000002 0.030722
1.11223683107438 -0.0104529838145286 0.0348040000000003 0.02505
1.11540607300039 -0.0103474015507855 0.0350510000000002 0.019957
1.11821554375525 -0.0102546919094653 0.0352690000000004 0.015442
1.12066521035793 -0.0101738554345895 0.0354590000000004 0.011505
1.12275507280845 -0.0101048921261581 0.035622 0.008146
1.12448413165083 -0.010047834965189 0.0357560000000001 0.005366
1.12585438579701 -0.0100026179896465 0.035863 0.003164
1.12686483579101 -0.0099692741805484 0.0359410000000002 0.00154
1.12751544865184 -0.0099468040819163 0.0359920000000002 0.000495
1.12782328109314 -0.00993664592840272 0.036016 -0
1.12782328109314 -0.00993664592840272 0.036016 -0
1.12782328109314 -0.00993664592840272 0.036016 -0
1.12782328109314 -0.00993664592840272 0.036016 -0
1.12782328109314 -0.00993664592840272 0.036016 -0
1.12782328109314 -0.00993664592840272 0.036016 -0
