14.687 6.312 0.0102974425867668 0.017977
14.6872242836024 6.31189713069271 0.0102904425867667 0.017779
14.6878908514764 6.31160220863275 0.0102704425867666 0.017185
14.6890049378594 6.31110250744626 0.0102364425867671 0.016195
14.6905612767892 6.31041073987515 0.0101894425867668 0.01481
14.6925661508682 6.30951220629016 0.0101284425867672 0.013028
14.6950194565022 6.30840888944067 0.0100534425867664 0.010851
14.6979149062662 6.30711345964598 0.00996544258676657 0.008278
14.7012577229394 6.30561217200822 0.00986344258676652 0.005308
14.7050435715497 6.30391875649919 0.00974844258676644 0.001943
14.7092766233765 6.30202042654166 0.00961944258676706 -0.001818
14.7139568647729 6.29991514910614 0.00947644258676661 -0.005974
14.7190798757721 6.29761864497346 0.00932044258676701 -0.010527
14.7246498961862 6.29511511623306 0.00915044258676723 -0.015476
14.7306614950924 6.29242024582365 0.00896744258676652 -0.02082
14.7371208571481 6.28951929229896 0.00877044258676651 -0.026561
14.7440215742381 6.28642690166528 0.00856044258676647 -0.032697
14.7513698421083 6.28312732375818 0.00833644258676713 -0.039229
14.7591644899658 6.27962146609106 0.00809844258676673 -0.046157
14.7674000942486 6.27592400147837 0.00784744258676717 -0.053481
14.7760765439238 6.27203386924372 0.00758344258676669 -0.061201
14.7852061905666 6.26792259287746 0.00730444258676677 -0.069317
14.7947753225544 6.26361947632245 0.00701244258676681 -0.077828
14.8047857711624 6.25912451455228 0.00670744258676681 -0.086736
14.8152416498703 6.25442185652893 0.00638844258676663 -0.096039
14.8261364787529 6.24952713199768 0.00605644258676641 -0.105738
14.8402244313386 6.23786100456882 0.00527044258676668 -0.108089
14.8554777980038 6.22423902502466 0.0043534425867664 -0.108745
14.8712955605001 6.21009010884431 0.00340144258676656 -0.109425
14.8876709787789 6.19543041544162 0.0024154425867664 -0.110131
14.904608746133 6.18024459247632 0.00139444258676669 -0.110861
14.9221073088026 6.16453099276786 0.000338442586766519 -0.111615
14.9401578427132 6.14830467154574 -0.000751557413233073 -0.112395
14.9587648654238 6.13154920116031 -0.00187655741323312 -0.113199
14.9779286236482 6.11426394320878 -0.00303655741323361 -0.114028
14.9976381799689 6.0964638525109 -0.00423055741323353 -0.114882
15.0179008029219 6.0781335248268 -0.00545955741323301 -0.11576
15.0387065467424 6.05928592877099 -0.0067225574132328 -0.116664
15.0600605354323 6.03990554496817 -0.00802055741323304 -0.117592
15.0819597067294 6.01999254752447 -0.00935355741323285 -0.118544
15.1043970047735 5.99955997720532 -0.010720557413233 -0.119522
15.1264954152689 5.98069630041168 -0.0119755574132334 -0.117692
15.1473875327772 5.96549017948392 -0.0129725574132333 -0.110232
15.1687733120431 5.94989608074648 -0.0139945574132332 -0.102592
15.1906406674984 5.93394527943538 -0.0150395574132336 -0.094772
15.2129924784771 5.91762144983616 -0.0161085574132329 -0.086772
15.235836499259 5.90090939762222 -0.0172025574132331 -0.078593
15.2591567268189 5.88383828127339 -0.0183195574132329 -0.070234
15.282959911874 5.86639186518123 -0.0194605574132334 -0.061695
15.3072496139612 5.8485567791255 -0.0206265574132329 -0.052976
15.3320139143291 5.83036033219194 -0.021815557413233 -0.044077
15.3538813228768 5.82036579376262 -0.022450557413233 -0.032886
15.3698657275112 5.82547213405116 -0.0220675574132336 -0.017925
15.385789533284 5.83054954512967 -0.0216865574132328 -0.003021
15.4016478962641 5.83561395107368 -0.021306557413233 0.011826
15.4174398342798 5.84066532474545 -0.0209275574132333 0.026615
15.4331712535583 5.84568779783651 -0.020550557413233 0.041348
15.4488431545373 5.85068241522666 -0.020175557413233 0.056022
15.4644418707729 5.8556778645035 -0.0198005574132329 0.07064
15.4799879860982 5.86063063896512 -0.0194285574132333 0.0852
15.4872680153757 5.88881744594883 -0.0175045574132335 0.096751
15.4925626133292 5.92183375428184 -0.0152565574132328 0.107506
15.4977179662777 5.95439517261208 -0.0130375574132335 0.118124
15.5027300040436 5.98651747185843 -0.0108465574132328 0.128605
15.5076146144124 6.0181710225582 -0.00868555741323362 0.138948
15.5123615789505 6.0493873942897 -0.00655255741323302 0.149153
15.5169807348897 6.0801517820686 -0.00444855741323291 0.159222
15.5214687197993 6.11047992672713 -0.00237255741323317 0.169152
15.5258394431993 6.14034422159083 -0.000326557413233175 0.178946
15.5300843042549 6.16977518546607 0.00169144258676646 0.188602
15.5339699460096 6.19921210986486 0.00370944258676698 0.197532
15.5337987524981 6.23531741420984 0.00615144258676636 0.196551
15.5335380848803 6.27054378267765 0.00853644258676667 0.195592
15.5332066663317 6.30486420529212 0.0108624425867667 0.194657
15.5328042708828 6.33829576110562 0.0131304425867667 0.193746
15.5323441496772 6.37082615748624 0.0153394425867672 0.192858
15.5318236548262 6.40247330147034 0.0174904425867668 0.191993
15.5312568454848 6.43322288240642 0.019582442586767 0.191152
15.5306406568294 6.46309369567147 0.0216164425867671 0.190335
15.5299823498722 6.49208697192873 0.0235924425867671 0.189541
15.5292925326447 6.52019020825488 0.0255094425867668 0.18877
15.5285762035412 6.54740551420848 0.0273674425867672 0.188023
15.5278250245348 6.57376408016686 0.0291684425867667 0.187299
15.5270633617592 6.59922418442745 0.0309094425867666 0.186599
15.526275899241 6.62383144646104 0.0325934425867667 0.185923
15.5254801480578 6.64755964043247 0.0342184425867664 0.18527
15.5246813834848 6.67040865052006 0.0357844425867668 0.18464
15.5238748867175 6.69239671464395 0.0372924425867671 0.184034
15.527714175613 6.70367189784011 0.0380504425867665 0.170847
15.5318103843258 6.71360070782444 0.0387154425867671 0.15708
15.5357212542634 6.72312320889537 0.0393534425867665 0.14389
15.5394563132508 6.73222431833849 0.0399634425867665 0.131279
15.5430152401475 6.74090634416439 0.0405454425867671 0.119246
15.5463988107037 6.74916761454342 0.0410994425867672 0.107791
15.5496076343016 6.75701044037291 0.041625442586767 0.096915
15.5526356416865 6.76444759824196 0.0421244425867666 0.086617
15.5554959195412 6.77145237499291 0.0425944425867666 0.076897
15.5581843360545 6.77803758590215 0.0430364425867671 0.067755
15.5607003637892 6.78420544760018 0.0434504425867672 0.059192
15.56304457244 6.78995419635244 0.043836442586767 0.051207
15.5652173985432 6.7952850511995 0.0441944425867664 0.043801
15.567212433546 6.8002136779194 0.0445254425867665 0.036972
15.5690427625716 6.80470930597619 0.044827442586767 0.030722
15.5707039124658 6.80878763786179 0.0451014425867671 0.02505
15.5721883609271 6.81246425344079 0.045348442586767 0.019957
15.5735101152309 6.81570837947227 0.0455664425867672 0.015442
15.5746625879397 6.81853559869057 0.0457564425867671 0.011505
15.57563917874 6.82096047284512 0.0459194425867668 0.008146
15.5764527450683 6.82295415514118 0.0460534425867669 0.005366
15.5770917852726 6.82454569363989 0.0461604425867668 0.003164
15.5775690965382 6.82570621317431 0.046238442586767 0.00154
15.5778710711561 6.82646566030013 0.046289442586767 0.000495
15.5780148255366 6.82682262501966 0.0463134425867668 -0
15.5780148255366 6.82682262501966 0.0463134425867668 -0
15.5780148255366 6.82682262501966 0.0463134425867668 -0
15.5780148255366 6.82682262501966 0.0463134425867668 -0
15.5780148255366 6.82682262501966 0.0463134425867668 -0
15.5780148255366 6.82682262501966 0.0463134425867668 -0
