unicycle_width: 0.800000
unicycle_length: 1.200000
resolution_m: 1.000000
numberofangles: 16
totalnumberofprimitives: 80
primID: 0
startangle_c: 0
endpose_c: 1 0 0
additionalactioncostmult: 1
motiondirection: 1
intermediateposes: 11
0.0000 0.0000 0.0000
0.1000 0.0000 0.0000
0.2000 0.0000 0.0000
0.3000 0.0000 0.0000
0.4000 0.0000 0.0000
0.5000 0.0000 0.0000
0.6000 0.0000 0.0000
0.7000 0.0000 0.0000
0.8000 0.0000 0.0000
0.9000 0.0000 0.0000
1.0000 0.0000 0.0000
primID: 1
startangle_c: 0
endpose_c: 8 0 0
additionalactioncostmult: 1
motiondirection: 1
intermediateposes: 11
0.0000 0.0000 0.0000
0.8000 0.0000 0.0000
1.6000 0.0000 0.0000
2.4000 0.0000 0.0000
3.2000 0.0000 0.0000
4.0000 0.0000 0.0000
4.8000 0.0000 0.0000
5.6000 0.0000 0.0000
6.4000 0.0000 0.0000
7.2000 0.0000 0.0000
8.0000 0.0000 0.0000
primID: 2
startangle_c: 0
endpose_c: -1 0 0
additionalactioncostmult: 1.100000e+00
motiondirection: -1
intermediateposes: 11
0.0000 0.0000 0.0000
-0.1000 0.0000 0.0000
-0.2000 0.0000 0.0000
-0.3000 0.0000 0.0000
-0.4000 0.0000 0.0000
-0.5000 0.0000 0.0000
-0.6000 0.0000 0.0000
-0.7000 0.0000 0.0000
-0.8000 0.0000 0.0000
-0.9000 0.0000 0.0000
-1.0000 0.0000 0.0000
primID: 3
startangle_c: 0
